0  1
8680000  0
17360000  1
26040000  1
34720000  0
43400000  0
52080000  1
60760000  0
69440000  1
78120000  0
86800000  1
95480000  1
104160000  0
112840000  1
121520000  0
130200000  1
138880000  1
147560000  0
156240000  0
164920000  1
173600000  0
182280000  1
190960000  1
199640000  0
208320000  1
217000000  0
225680000  0
234360000  0
243040000  1
251720000  1
260400000  0
269080000  0
277760000  1
286440000  1
295120000  0
303800000  1
312480000  0
321160000  0
329840000  0
338520000  1
347200000  1
355880000  0
364560000  0
373240000  1
